5000.1
4910.8
4888.5
4838.0
4836.599999999999
4737.700000000001
4688.3
4632.5
4584.8
4562.499999999999
4473.799999999999
4459.900000000001
4424.5
4339.400000000001
4339.299999999999
4315.499999999999
4282.1
4228.4
4195.799999999999
4176.9
4150.2
4144.7
4066.7999999999997
4061.7
4052.3999999999996
4044.499999999999
4028.0999999999995
3958.8
3931.6
3835.4
3834.2000000000003
3752.8999999999996
3696.0999999999995
3682.3999999999987
3681.7999999999997
3666.4999999999995
3647.8999999999983
3627.7999999999975
3587.5999999999976
3550.2999999999984
3531.9999999999986
3528.299999999999
3495.799999999999
3446.3999999999996
3403.8999999999983
3386.1999999999985
3377.5
3354.2000000000003
3340.3
3324.5000000000005
3324.4000000000005
3310.5000000000005
3304.8000000000006
3301.7000000000007
3300.3000000000006
3290.5
3289.4
3286.9999999999995
3261.600000000001
3260.8999999999996
3260.7999999999997
3257.3999999999996
3250.3000000000006
3242.8000000000006
3232.3
3211.9000000000005
3211.7000000000003
3149.5
3135.100000000001
3130.499999999999
3109.2999999999993
3092.2999999999997
3045.8
3035.3999999999996
3015.2999999999997
2981.8999999999996
2958.0
2952.7
2917.3999999999996
2914.6000000000004
2910.8
2887.1000000000004
2868.4000000000005
2855.400000000001
2819.8000000000006
2818.799999999999
2812.499999999999
2810.400000000001
2810.3999999999987
2809.8999999999996
2726.799999999999
2720.2
2689.399999999999
2672.499999999999
2656.899999999999
2647.4
2645.2999999999997
2644.000000000001
2630.2000000000007
2618.6000000000004
2614.9
2603.9000000000005
2584.7
2546.1
2545.3
2532.2000000000003
2527.8999999999987
2527.7999999999997
2524.1999999999994
2514.5999999999995
2509.8999999999996
2502.599999999999
2500.6999999999994
2500.599999999999
2483.099999999999
2477.999999999999
2446.599999999999
2445.3999999999987
2433.099999999999
2427.4000000000005
2422.099999999999
2421.7
2411.2999999999997
2404.7
2393.8999999999996
2365.0999999999995
2364.799999999999
2357.499999999999
2306.0999999999985
2300.399999999999
2298.7999999999993
2278.399999999999
2274.1
2258.0999999999995
2255.2
2254.6999999999994
2179.600000000001
2176.0000000000005
2169.2000000000003
2166.5
2108.9000000000005
2097.1
2077.5000000000005
2064.5000000000005
2044.3000000000004
2028.6
2028.3
2027.8000000000002
1994.5
1975.6
1969.9
1958.9000000000003
1958.2000000000003
1954.9000000000003
1936.8999999999992
1922.599999999999
1907.1999999999991
1886.0999999999995
1884.6
1876.9999999999998
1863.1000000000006
1858.700000000001
1837.8
1808.6
1801.7
1799.5
1799.1
1792.8999999999999
1772.7
1758.2
1754.4999999999995
1747.1999999999996
1740.5999999999995
1705.8999999999994
1704.2000000000005
1696.9
1680.5000000000002
1678.9
1675.7
1674.8
1669.3
1661.1999999999998
1639.8999999999996
1635.8999999999996
1623.1999999999996
1613.6999999999996
1611.3999999999992
1610.3999999999999
1596.4999999999995
1595.6999999999996
1575.9999999999995
1538.9999999999995
1518.8999999999996
1516.8999999999996
1516.1000000000001
1506.3000000000002
1506.0
1495.2000000000003
1488.7000000000003
1474.9000000000003
1464.2000000000003
1459.4000000000005
1452.4000000000005
1452.4
1441.7
1438.8000000000002
1432.3000000000002
1423.0
1420.2
1412.8999999999999
1410.5000000000002
1410.4
1409.5
1395.0
1391.6000000000001
1373.0000000000005
1355.6000000000001
1347.3000000000002
1342.3000000000004
1341.0000000000005
1336.8000000000004
1327.5000000000002
1327.0000000000002
1321.3000000000004
1312.3000000000004
1295.2000000000005
1294.7000000000005
1285.6000000000004
1259.9000000000005
1253.4000000000003
1248.2000000000003
1246.9000000000003
1241.7
1232.1000000000001
1225.6999999999998
1191.6
1191.5
1184.7
1183.6
1181.6000000000001
1181.1000000000001
1176.7
1174.3000000000002
1173.4
1172.4
1171.5000000000002
1169.8000000000002
1163.8000000000002
1163.5000000000002
1162.2000000000003
1157.4999999999998
1149.3999999999999
1143.1999999999998
1141.9999999999998
1136.1999999999998
1134.3
1114.6000000000004
1111.9000000000003
1108.1000000000006
1106.1000000000006
1102.8000000000004
1088.8000000000004
1087.3
1082.5
1082.4
1078.1000000000001
1076.7000000000003
1074.2000000000003
1070.7
1066.0000000000002
1061.2000000000003
1052.9
1040.2000000000003
1038.5
1038.0
1035.1000000000001
1027.7
1027.5
1022.1000000000001
1018.4000000000003
1006.6000000000004
1002.7000000000004
997.4000000000005
965.6000000000004
957.9000000000003
955.8000000000002
953.7000000000002
947.7000000000002
947.4000000000002
945.6000000000003
941.0000000000002
935.4000000000003
934.5000000000003
928.9000000000003
928.0000000000002
925.2000000000003
921.1000000000001
917.3000000000003
917.1000000000004
915.4000000000003
910.4000000000004
900.6000000000004
900.5000000000003
900.5
900.0999999999999
896.4
875.5
870.4
869.4000000000003
867.9000000000003
854.6000000000004
854.3000000000004
847.0000000000005
844.4000000000004
842.3000000000005
841.2000000000004
840.5000000000003
839.1000000000003
838.2000000000003
836.7000000000004
834.7000000000004
834.4000000000003
834.2000000000004
832.4000000000004
827.1000000000005
826.8000000000004
826.7999999999997
826.3000000000004
825.8000000000004
825.4999999999999
819.3
815.5
